 
su_cost	sd_cost	prod_cost	cr⁺	cr⁻	𝜟pd	𝜟pw
11700.0	11200.0	39142.09706111028	56.81686119247836	7.983138810688316	0.0	3.616769403918277
 
list 1: units stutup/down states
1.0	1.0	1.0	1.0	0.0	0.0	0.0	0.0	0.0	0.0	1.0	1.0	1.0	1.0	1.0	0.0	0.0	0.0	0.0	0.0	0.0	0.0	0.0	0.0
0.0	0.0	0.0	1.0	1.0	1.0	1.0	1.0	1.0	1.0	1.0	1.0	1.0	1.0	1.0	1.0	1.0	1.0	1.0	1.0	1.0	1.0	1.0	1.0
0.0	0.0	0.0	0.0	0.0	0.0	1.0	1.0	1.0	1.0	1.0	1.0	1.0	1.0	1.0	1.0	1.0	1.0	1.0	1.0	1.0	1.0	1.0	1.0
 
list 2: units dispatching power in scenario NO.1
0.9005755203079503	0.9006146853285367	0.9006147396746265	0.9	0.0	0.0	0.0	0.0	0.0	0.0	0.9417617648147157	0.9008481045682228	0.9008425602755493	0.9264975753377104	0.9	0.0	0.0	0.0	0.0	0.0	0.0	0.0	0.0	0.0
0.0	0.0	0.0	0.10062020800677099	0.2081846113041399	0.10064104065765014	0.43021775368262716	0.8302177690375749	0.39463903037528447	0.45604711086561545	0.1	0.1	0.1	0.1	0.1	0.36151101926638035	0.26710358813741997	0.1	0.2129300988430744	0.1	0.1	0.3470147243982706	0.5048009845491952	0.1593518821100896
0.0	0.0	0.0	0.0	0.0	0.0	0.1	0.2	0.2	0.19999999999999998	0.09999999999999998	0.1	0.1	0.1	0.12307793905982478	0.2	0.2	0.12645246932795037	0.2	0.10062055382913383	0.14562729742901545	0.2	0.2	0.2
 
list 3: spolied wind power
0.9123001563263505	0.6519409682648966	0.0	0.0	0.0	0.04309365266915058	0.015675926731622658	0.0	0.0	0.0	0.0	0.04821356239343211	0.007864604223604271	-1.4961307680818298e-8	0.0	0.0	0.0	0.0	0.0	0.0014268845357187504	0.0	0.0	0.0	0.0
0.0	0.0	0.7990887097891815	0.9039607496898858	0.0	0.0	0.0	0.0	0.0	0.0	0.0	0.0	0.0	0.0	0.0	0.0	0.0	0.0	0.0	0.0	0.0	0.0	0.0	0.0
 
list 4: forced load curtailments
0.0	0.0	0.0	0.0	0.0	0.0	0.0	0.0	0.0	0.0	0.0	0.0	0.0	0.0	0.0	0.0	0.0	0.0	0.0	0.0	0.0	0.0	0.0	0.0
0.0	0.0	0.0	0.0	0.0	0.0	0.0	0.0	0.0	0.0	0.0	0.0	0.0	0.0	0.0	0.0	0.0	0.0	0.0	0.0	0.0	0.0	0.0	0.0
0.0	0.0	0.0	0.0	0.0	0.0	0.0	0.0	0.0	0.0	0.0	0.0	0.0	0.0	0.0	0.0	0.0	0.0	0.0	0.0	0.0	0.0	0.0	0.0
 
list 10: sr⁺
1.2994244796920498	1.2993853146714636	1.2993852603253737	1.3000000000000003	0.0	0.0	0.0	0.0	0.0	0.0	1.2582382351852845	1.2991518954317773	1.2991574397244507	1.2735024246622897	1.3000000000000003	0.0	0.0	0.0	0.0	0.0	0.0	0.0	0.0	0.0
0.0	0.0	0.0	0.899379791993229	0.7918153886958601	0.8993589593423499	0.5697822463173728	0.16978223096242506	0.6053609696247155	0.5439528891343846	0.9	0.9	0.9	0.9	0.9	0.6384889807336196	0.73289641186258	0.9	0.7870699011569255	0.9	0.9	0.6529852756017294	0.4951990154508048	0.8406481178899103
0.0	0.0	0.0	0.0	0.0	0.0	0.1	0.0	0.0	0.0	0.10000000000000003	0.1	0.1	0.1	0.07692206094017523	0.0	0.0	0.07354753067204964	0.0	0.09937944617086618	0.05437270257098456	0.0	0.0	0.0
 
list 11: sr⁻
0.0005755203079502724	0.0006146853285367015	0.0006147396746264411	0.0	0.0	0.0	0.0	0.0	0.0	0.0	0.04176176481471572	0.0008481045682228154	0.0008425602755493507	0.026497575337710466	0.0	0.0	0.0	0.0	0.0	0.0	0.0	0.0	0.0	0.0
0.0	0.0	0.0	0.0006202080067709836	0.1081846113041399	0.0006410406576501438	0.3302177536826272	0.730217769037575	0.29463903037528444	0.3560471108656154	0.0	0.0	0.0	0.0	0.0	0.2615110192663803	0.16710358813741993	0.0	0.1129300988430744	0.0	0.0	0.24701472439827057	0.4048009845491952	0.0593518821100896
0.0	0.0	0.0	0.0	0.0	0.0	0.0	0.1	0.1	0.09999999999999998	0.0	0.0	0.0	0.0	0.023077939059824776	0.1	0.1	0.026452469327950368	0.1	0.0006205538291338324	0.045627297429015445	0.1	0.1	0.1
