 
su_cost	sd_cost	prod_cost	cr⁺	cr⁻	𝜟pd	𝜟pw
20400.0	22499.999999999978	40387.49999544315	44.85355346271963	11.946446537280382	0.04353151230579333	3.641954780945981
 
list 1: units stutup/down states
1.0	1.0	1.0	1.0	-0.0	0.0	0.0	0.0	-0.0	-0.0	1.0	1.0	1.0	1.0	0.0	0.0	-0.0	0.0	-0.0	0.0	-0.0	-0.0	0.0	0.0
0.0	0.0	0.0	1.0	1.0	1.0	1.0	1.0	1.0	1.0	1.0	1.0	0.0	0.0	1.0	1.0	1.0	1.0	1.0	1.0	1.0	1.0	1.0	1.0
0.0	0.0	0.0	-0.0	-0.0	0.0	1.0	1.0	1.0	1.0	0.0	-0.0	-0.0	1.0	1.0	1.0	0.0	0.0	-0.0	-0.0	0.0	1.0	1.0	-0.0
 
list 2: units dispatching power in scenario NO.1
0.9005755203079503	1.047147687178195	0.9048665715685599	0.9	0.0	0.0	0.0	0.0	0.0	0.0	1.0417617648147157	0.9526345421747907	1.092977956051945	0.9	0.0	0.0	0.0	0.0	0.0	0.0	0.0	0.0	0.0	2.7755575615628914e-17
0.0	0.0	0.0	0.10062020800677099	0.2506372233156403	0.10064104065765014	0.4145418269510045	0.8145418269510045	0.3946390303752844	0.5560471108656154	0.09999999999999998	0.1	0.0	0.0	0.9230779390598249	0.4615110192663804	0.4671035881374199	0.22645246932795038	0.4129300988430744	0.1991936692934151	0.24562729742901546	0.3470147243982706	0.6048009845491942	0.3593518821100896
0.0	0.0	0.0	0.0	0.0	0.0	0.1	0.19999999999999998	0.2	0.1	0.0	0.0	0.0	0.2	0.2	0.1	0.0	0.0	0.0	0.0	0.0	0.2	0.10000000000000094	0.0
 
list 3: spolied wind power
0.9123001563263505	0.7984739701145549	0.8033405416831149	0.0	0.0	0.04309365266915058	0.0	0.0	0.0	0.0	0.0	0.0	0.0	0.0	0.0	0.0	0.0	0.0	0.0	0.0	0.0	0.0	0.0	0.0
0.0	0.0	0.0	0.9039607496898858	0.04245261201150041	0.0	0.0	0.0	0.0	0.0	0.0	0.0	0.0	0.0	0.0	0.0	0.0	0.0	0.0	0.0	0.0	0.0	0.0	0.0
 
list 4: forced load curtailments
0.0	0.0	0.0	0.0	0.0	0.0	0.0	0.015675942086570416	0.0	0.0	0.0	0.0	0.0	0.02649759069265578	0.0	0.0	0.0	0.0	0.0	0.0	0.0	0.0	0.0	0.0
0.0	0.0	0.0	0.0	0.0	0.0	0.0	0.0	0.0	0.0	0.0	0.0	0.0	0.0	0.0	0.0	0.0	0.0	0.0	0.0	0.0	0.0	0.0	0.0
0.0	0.0	0.0	0.0	0.0	0.0	0.0	0.0	0.0	0.0	0.0	0.0	0.0	0.0	0.0	0.0	0.0	0.0	0.0	0.0	0.0	0.0	0.0	0.0
 
list 10: sr⁺
1.2994244796920498	1.1528523128218051	1.2951334284314404	1.3000000000000003	0.0	0.0	0.0	0.0	0.0	0.0	1.1582382351852845	1.2473654578252096	1.1070220439480551	1.3000000000000003	0.0	0.0	0.0	0.0	0.0	0.0	0.0	0.0	0.0	0.0
0.0	0.0	0.0	0.899379791993229	0.7493627766843597	0.8993589593423499	0.5854581730489955	0.18545817304899548	0.6053609696247155	0.4439528891343846	0.9	0.9	0.0	0.0	0.07692206094017506	0.5384889807336196	0.5328964118625801	0.7735475306720496	0.5870699011569256	0.8008063307065849	0.7543727025709845	0.6529852756017294	0.39519901545080577	0.6406481178899104
0.0	0.0	0.0	0.0	0.0	0.0	0.1	0.0	0.0	0.1	0.0	0.0	0.0	0.0	0.0	0.1	0.0	0.0	0.0	0.0	0.0	0.0	0.09999999999999908	0.0
 
list 11: sr⁻
0.0005755203079502724	0.14714768717819504	0.004866571568559852	0.0	0.0	0.0	0.0	0.0	0.0	0.0	0.1417617648147157	0.05263454217479069	0.192977956051945	0.0	0.0	0.0	0.0	0.0	0.0	0.0	0.0	0.0	0.0	0.0
0.0	0.0	0.0	0.0006202080067709836	0.15063722331564033	0.0006410406576501438	0.3145418269510045	0.7145418269510045	0.2946390303752844	0.45604711086561545	0.0	0.0	0.0	0.0	0.823077939059825	0.3615110192663804	0.36710358813741994	0.12645246932795037	0.31293009884307443	0.09919366929341508	0.14562729742901545	0.24701472439827057	0.5048009845491942	0.2593518821100896
0.0	0.0	0.0	0.0	0.0	0.0	0.0	0.09999999999999998	0.1	0.0	0.0	0.0	0.0	0.1	0.1	0.0	0.0	0.0	0.0	0.0	0.0	0.1	9.298117831235686e-16	0.0
