 
su_cost	sd_cost	prod_cost	cr⁺	cr⁻	𝜟pd	𝜟pw
8700.0	10800.0	49953.27281821441	31.806637579923457	19.393362420076546	0.10448547479316322	4.626366684831431
 
list 1: units stutup/down states
1.0	1.0	1.0	1.0	0.0	0.0	0.0	0.0	0.0	-0.0	0.0	0.0	0.0	0.0	0.0	0.0	0.0	0.0	0.0	-0.0	0.0	0.0	0.0	0.0
0.0	0.0	0.0	1.0	1.0	1.0	1.0	1.0	1.0	1.0	1.0	1.0	1.0	1.0	1.0	1.0	1.0	1.0	1.0	1.0	1.0	1.0	1.0	1.0
0.0	0.0	0.0	1.0	1.0	1.0	1.0	1.0	1.0	1.0	1.0	1.0	1.0	1.0	1.0	1.0	-0.0	0.0	0.0	-0.0	0.0	1.0	1.0	-0.0
 
list 2: units dispatching power in scenario NO.1
0.9005755203079503	0.9006146853285367	0.9006147396746265	0.9	0.0	0.0	0.0	0.0	0.0	0.0	0.0	0.0	0.0	0.0	0.0	0.0	0.0	0.0	0.0	0.0	0.0	0.0	0.0	0.0
0.0	0.0	0.0	0.4	0.9	0.1	0.4145418269510045	0.8145418269510045	0.3946390303752844	0.5417617648147158	0.9417617648147159	0.8526345421747907	0.8929779560519451	0.9264975906926558	0.9230779390598249	0.4615110192663804	0.4671035881374199	0.22645246932795038	0.4129300988430744	0.1991936692934151	0.24562729742901546	0.3470147243982706	0.6048009845491942	0.3593518821100896
0.0	0.0	0.0	0.1	0.2	0.10064104065765014	0.1	0.19999999999999998	0.2	0.11428534605089957	0.2	0.2	0.2	0.2	0.19999999999999998	0.1	0.0	0.0	0.0	0.0	0.0	0.2	0.10000000000000091	0.0
 
list 3: spolied wind power
0.0	0.0	0.0	1.1353202708415575	0.8918153886958602	0.14309365266915058	0.0	0.0	0.0	0.0	0.0	0.0	0.0	0.0	0.0	0.0	0.0	0.0	0.0	0.0	0.0	0.0	0.0	0.0
0.9123001563263505	0.6519409682648966	0.7990887097891815	0.16802027084155724	0.0	0.0	0.0	0.0	0.0	0.0	0.0	0.0	0.0	0.0	0.0	0.0	0.0	0.0	0.0	0.0	0.0	0.0	0.0	0.0
 
list 4: forced load curtailments
0.0	0.0	0.0	0.0	0.0	0.0	0.0	0.015675942086570416	0.0	0.0	0.0	0.0	0.0	0.0	0.0	0.0	0.0	0.0	0.0	0.0	0.0	0.0	0.0	0.0
0.0	0.0	0.0	0.0	0.0	0.0	0.0	0.0	0.0	0.0	0.0	0.0	0.0	0.0	0.0	0.0	0.0	0.0	0.0	0.0	0.0	0.0	0.0	0.0
0.0	0.0	0.0	0.0	0.0	0.0	0.0	0.0	0.0	0.0	0.0	0.0	0.0	0.0	0.0	0.0	0.0	0.0	0.0	0.0	0.0	0.0	0.0	0.0
 
list 10: sr⁺
1.2994244796920498	1.2993853146714636	1.2993852603253737	1.3000000000000003	0.0	0.0	0.0	0.0	0.0	0.0	0.0	0.0	0.0	0.0	0.0	0.0	0.0	0.0	0.0	0.0	0.0	0.0	0.0	0.0
0.0	0.0	0.0	0.6	0.09999999999999998	0.9	0.5854581730489955	0.18545817304899548	0.6053609696247155	0.45823823518528417	0.05823823518528415	0.14736545782520927	0.10702204394805492	0.0735024093073442	0.07692206094017506	0.5384889807336196	0.5328964118625801	0.7735475306720496	0.5870699011569256	0.8008063307065849	0.7543727025709845	0.6529852756017294	0.39519901545080577	0.6406481178899104
0.0	0.0	0.0	0.1	0.0	0.09935895934234987	0.1	0.0	0.0	0.08571465394910044	0.0	0.0	0.0	0.0	0.0	0.1	0.0	0.0	0.0	0.0	0.0	0.0	0.0999999999999991	0.0
 
list 11: sr⁻
0.0005755203079502724	0.0006146853285367015	0.0006147396746264411	0.0	0.0	0.0	0.0	0.0	0.0	0.0	0.0	0.0	0.0	0.0	0.0	0.0	0.0	0.0	0.0	0.0	0.0	0.0	0.0	0.0
0.0	0.0	0.0	0.30000000000000004	0.8	0.0	0.3145418269510045	0.7145418269510045	0.2946390303752844	0.44176176481471585	0.8417617648147159	0.7526345421747908	0.7929779560519451	0.8264975906926558	0.823077939059825	0.3615110192663804	0.36710358813741994	0.12645246932795037	0.31293009884307443	0.09919366929341508	0.14562729742901545	0.24701472439827057	0.5048009845491942	0.25935188211008964
0.0	0.0	0.0	0.0	0.1	0.0006410406576501438	0.0	0.09999999999999998	0.1	0.014285346050899567	0.1	0.1	0.1	0.1	0.09999999999999998	0.0	0.0	0.0	0.0	0.0	0.0	0.1	9.020562075079397e-16	0.0
